[[0.99489135]]
[[0.9948879]]
[[0.9948929]]
[[0.99489087]]
[[0.9948877]]
[[0.994891]]
[[0.994891]]
[[0.99488795]]
[[0.9948908]]
[[0.9948908]]
[[0.99488777]]
[[0.99488604]]
[[0.99489105]]
[[0.9948909]]
[[0.99488777]]
[[0.9948911]]
[[0.99489236]]
[[0.9948909]]
[[0.9948913]]
[[0.9948914]]
[[0.9948887]]
[[0.9948909]]
[[0.9948909]]
[[0.99488795]]
[[0.9948905]]
[[0.9948906]]
[[0.9948901]]
[[0.9948905]]
[[0.9948906]]
[[0.9948901]]
[[0.9948906]]
[[0.99489063]]
[[0.99489015]]
[[0.9948863]]
[[0.9948913]]
[[0.9948913]]
[[0.9948906]]
[[0.99489206]]
[[0.9948921]]
[[0.9948916]]
[[0.99489284]]
[[0.9948908]]
[[0.99489003]]
[[0.99489105]]
[[0.99489194]]
[[0.9948928]]
[[0.9948912]]
[[0.994892]]
[[0.9948928]]
[[0.9948912]]
[[0.99489194]]
[[0.9948927]]
[[0.99489117]]
[[0.99489194]]
[[0.9948928]]
[[0.99489135]]
[[0.99489224]]
[[0.99489313]]
[[0.9948941]]
[[0.9948932]]
[[0.9948942]]
[[0.99489516]]
[[0.9948947]]
[[0.9948957]]
[[0.99489665]]
[[0.9948965]]
[[0.9948974]]
[[0.9948974]]
[[0.9948974]]
[[0.9948974]]
[[0.3134069]]
[[0.00157216]]
[[0.9948974]]
[[0.9948974]]
[[0.9948974]]
[[0.9948974]]
[[0.9948974]]
[[0.9948974]]
[[0.9948974]]
[[0.9948974]]
[[0.9948974]]
[[0.9948974]]
[[0.9948974]]
[[0.9948974]]
[[0.9948974]]
[[0.9948974]]
[[0.9948974]]
[[0.9948974]]
[[0.9948974]]
[[0.9948974]]
[[0.9948974]]
[[0.9948974]]
[[0.9948974]]
[[0.9948974]]
[[0.9948974]]
[[0.9948974]]
[[0.9948974]]
[[0.9948974]]
[[0.9948974]]
[[0.9948974]]
[[0.9948974]]
[[0.9948974]]
[[0.9948974]]
[[0.9948974]]
[[0.9948974]]
[[0.9948974]]
[[0.9948974]]
[[0.9948974]]
[[0.9948974]]
[[0.9948974]]
[[0.9948974]]
[[0.9948974]]
[[0.9948974]]
[[0.9948974]]
[[0.9948974]]
[[0.9948974]]
[[0.9948974]]
[[0.9948974]]
[[0.9948974]]
[[0.9948974]]
[[0.9948974]]
[[0.9948974]]
[[0.9948974]]
[[0.9948974]]
[[0.9948974]]
[[0.9948974]]
[[0.9948974]]
[[0.9948974]]
[[0.9948974]]
[[0.9948974]]
[[0.9948974]]
[[0.9948974]]
[[0.9948974]]
[[0.9948974]]
[[0.9948974]]
[[0.9948974]]
[[0.9948974]]
[[0.9948974]]
[[0.9948974]]
[[0.9948974]]
[[0.9948974]]
[[0.9948974]]
[[0.9948974]]
[[0.9948974]]
[[0.9948974]]
[[0.9948974]]
[[0.9948974]]
[[0.9948974]]
[[0.9948974]]
[[0.9948974]]
[[0.9948974]]
[[0.9948974]]
[[0.9948974]]
[[0.9948974]]
[[0.9948974]]
[[0.9948974]]
[[0.9948974]]
[[0.9948974]]
[[0.9948974]]
[[0.9948974]]
[[0.9948974]]
[[0.9948974]]
[[0.9948974]]
[[0.9948974]]
[[0.9948974]]
[[0.9948974]]
[[0.9948974]]
[[0.9948974]]
[[0.9948974]]
[[0.9948974]]
[[0.9948974]]
[[0.9948974]]
[[0.9948974]]
[[0.9948974]]
[[0.9948974]]
[[0.9948974]]
[[0.9948974]]
[[0.9948974]]
[[0.9948974]]
[[0.9948974]]
[[0.9948974]]
[[0.9948974]]
[[0.9948974]]
[[0.9948974]]
[[0.9948974]]
[[0.9948974]]
[[0.9948974]]
[[0.9948974]]
[[0.9948974]]
[[0.9948974]]
[[0.9948974]]
[[0.9948974]]
[[0.9948974]]
[[0.9948974]]
[[0.9948974]]
[[0.9948971]]
[[0.99489725]]
[[0.9948973]]
[[0.99489695]]
[[0.9948965]]
[[0.99489564]]
[[0.9948967]]
[[0.99489605]]
[[0.9948949]]
[[0.9948966]]
[[0.9948958]]
[[0.99489456]]
[[0.9948965]]
[[0.9948957]]
[[0.9948944]]
[[0.9948919]]
[[0.99488676]]
[[0.99487484]]
[[0.99484134]]
[[0.99471617]]
[[0.99391806]]
[[0.97732955]]
[[0.83857787]]
[[0.63008326]]
[[0.51104355]]
[[0.45850593]]
[[0.4023632]]
[[0.4459388]]
[[0.40444985]]
[[0.40785235]]
[[0.40093544]]
[[0.39781284]]
[[0.39253154]]
[[0.53609234]]
[[0.53602475]]
[[0.53602475]]
[[0.53602475]]
[[0.53602475]]
[[0.53602475]]
[[0.53602475]]
[[0.53602475]]
[[0.53602475]]
[[0.53602475]]
[[0.53602475]]
[[0.53602475]]
[[0.53602475]]
[[0.53602475]]
[[0.53602475]]
[[0.53602475]]
[[0.53602475]]
[[0.53602475]]
[[0.53602475]]
[[0.53602475]]
[[0.53602475]]
[[0.53602475]]
[[0.53602475]]
[[0.53602475]]
[[0.53602475]]
[[0.53602475]]
[[0.53602475]]
[[0.53602475]]
[[0.53602475]]
[[0.53602475]]
[[0.53602475]]
[[0.53602475]]
[[0.53602475]]
[[0.53602475]]
[[0.53602475]]
[[0.53602475]]
[[0.53602475]]
[[0.53602475]]
[[0.53602475]]
[[0.53602475]]
[[0.53602475]]
[[0.53602475]]
[[0.9971877]]
[[0.9971877]]
[[0.9971877]]
[[0.9971877]]
[[0.9971877]]
[[0.9971877]]
[[0.9971877]]
[[0.9971877]]
[[0.9971877]]
[[0.9971877]]
[[0.9971877]]
[[0.9971877]]
[[0.00252353]]
[[0.00252649]]
[[0.9972134]]
[[0.9972134]]
[[0.9972134]]
[[0.9972134]]
[[0.9972134]]
[[0.9972134]]
[[0.9972134]]
[[0.9972134]]
[[0.9972134]]
[[0.9972134]]
[[0.9972134]]
[[0.9972134]]
[[0.9972134]]
[[0.9972134]]
[[0.9972134]]
[[0.9972134]]
[[0.9972134]]
[[0.9972134]]
[[0.9972134]]
[[0.9972133]]
[[0.5057482]]
[[0.5053465]]
[[0.00157244]]
[[0.7854689]]
[[0.7854689]]
[[0.7854689]]
[[0.7854689]]
[[0.7854689]]
[[0.7854689]]
[[0.7854689]]
[[0.7854689]]
[[0.7854689]]
[[0.7854689]]
[[0.31271264]]
[[0.00157245]]
[[0.7854689]]
[[0.7854689]]
[[0.7854689]]
[[0.7854689]]
[[0.7854689]]
[[0.7854689]]
[[0.7854689]]
[[0.7854689]]
[[0.7854689]]
[[0.7854689]]
[[0.7854689]]
[[0.7854689]]
[[0.7854689]]
[[0.7854689]]
[[0.7854689]]
[[0.7854689]]
[[0.7854689]]
[[0.7854689]]
[[0.7854689]]
[[0.7854689]]
[[0.7854689]]
[[0.7854689]]
[[0.7854689]]
[[0.7854689]]
[[0.7854689]]
[[0.7854689]]
[[0.7854689]]
[[0.7854689]]
[[0.7854689]]
[[0.7854689]]
[[0.7854689]]
[[0.7854689]]
[[0.7854689]]
[[0.7854689]]
[[0.7854689]]
[[0.7854689]]
[[0.7854689]]
[[0.7854689]]
[[0.7854689]]
[[0.7854689]]
[[0.7854689]]
[[0.7854689]]
[[0.31271264]]
[[0.00157244]]
[[0.99489367]]
[[0.99489367]]
[[0.99489367]]
[[0.99489367]]
[[0.99489367]]
[[0.99489367]]
[[0.99489367]]
[[0.99489367]]
[[0.99489367]]
[[0.99489367]]
[[0.99489367]]
[[0.99489367]]
[[0.99489367]]
[[0.99489367]]
[[0.99489367]]
[[0.99489367]]
[[0.99489367]]
[[0.99489367]]
[[0.99489367]]
[[0.99489367]]
[[0.99489367]]
[[0.99489367]]
[[0.99489367]]
[[0.99489367]]
[[0.99489367]]
[[0.99489367]]
[[0.99489367]]
[[0.99489367]]
[[0.99489367]]
[[0.99489367]]
[[0.99489367]]
[[0.99489367]]
[[0.99489367]]
[[0.99489367]]
[[0.99489367]]
[[0.99489367]]
[[0.99489367]]
[[0.99489367]]
[[0.99489367]]
[[0.99489367]]
[[0.99489367]]
[[0.99489367]]
[[0.99489367]]
[[0.99489367]]
[[0.99489367]]
[[0.99489367]]
[[0.99489367]]
[[0.99489367]]
[[0.99489367]]
[[0.99489367]]
[[0.99489367]]
[[0.99489367]]
[[0.99489367]]
[[0.99489367]]
[[0.99489367]]
[[0.99489367]]
[[0.99489367]]
[[0.99489367]]
[[0.99489367]]
[[0.99489367]]
[[0.99489367]]
[[0.99489367]]
[[0.99489367]]
[[0.00252513]]
[[0.00252502]]
[[0.00252502]]
[[0.9968864]]
[[0.9968864]]
[[0.9968864]]
[[0.9968864]]
[[0.9968864]]
[[0.9968864]]
[[0.9968864]]
[[0.9968864]]
[[0.9968864]]
[[0.9968864]]
[[0.9968864]]
[[0.9968864]]
[[0.9968864]]
[[0.9968864]]
[[0.9968864]]
[[0.9968864]]
[[0.9968864]]
[[0.9968864]]
[[0.9968864]]
[[0.9968864]]
[[0.9968864]]
[[0.9968864]]
[[0.9968864]]
[[0.9968864]]
[[0.9968864]]
[[0.99688643]]
[[0.99688643]]
[[0.99688643]]
[[0.99688643]]
[[0.99688643]]
[[0.99688643]]
[[0.99688643]]
[[0.99688643]]
[[0.99688643]]
[[0.99688643]]
[[0.99688643]]
[[0.99688643]]
[[0.99688643]]
[[0.99688643]]
[[0.99688643]]
[[0.99688643]]
[[0.99688643]]
[[0.99688643]]
[[0.99688643]]
[[0.99688643]]
[[0.99688643]]
[[0.99688643]]
[[0.99688643]]
[[0.99688643]]
[[0.99688643]]
[[0.99688643]]
[[0.99688643]]
[[0.99688643]]
[[0.41064003]]
[[0.00252502]]
[[0.00252502]]
[[0.00252502]]
[[0.00252502]]
[[0.00252502]]
[[0.00252502]]
[[0.00252502]]
[[0.00252502]]
[[0.00252502]]
[[0.00252502]]
[[0.00252502]]
[[0.00252502]]
[[0.00252502]]
[[0.00252502]]
[[0.00252502]]
[[0.00252502]]
[[0.00252502]]
[[0.00252502]]
[[0.00252502]]
[[0.00252502]]
[[0.00252502]]
[[0.00252502]]
[[0.00252502]]
[[0.00252502]]
[[0.00252502]]
[[0.00252502]]
[[0.00252502]]
[[0.00252502]]
[[0.00252502]]
[[0.00252502]]
[[0.00252502]]
[[0.00252502]]
[[0.00252502]]
[[0.00252502]]
[[0.00252502]]
[[0.00252502]]
[[0.00252502]]
[[0.00252502]]
[[0.00252502]]
[[0.00252502]]
[[0.00252502]]
[[0.00252502]]
[[0.00252502]]
[[0.00252502]]
[[0.00252502]]
[[0.00252502]]
[[0.00252502]]
[[0.00252502]]
[[0.00252502]]
[[0.00252502]]
[[0.00252502]]
[[0.00252502]]
[[0.00252502]]
[[0.00252502]]
[[0.00252502]]
[[0.00252502]]
[[0.00252502]]
[[0.00252502]]
[[0.00252502]]
[[0.00252502]]
[[0.00252502]]
[[0.00252502]]
[[0.00252502]]
[[0.00252502]]
[[0.00252502]]
[[0.00252502]]
[[0.00252502]]
[[0.00252502]]
[[0.00252502]]
[[0.00252502]]
[[0.00252502]]
[[0.00252502]]
[[0.00252502]]
[[0.00252502]]
[[0.00252502]]
[[0.00252502]]
[[0.00252502]]
[[0.00252502]]
[[0.00252502]]
[[0.00252502]]
[[0.00252502]]
[[0.00252502]]
[[0.00252502]]
[[0.00252502]]
[[0.00252502]]
[[0.00252502]]
[[0.00252502]]
[[0.00252502]]
[[0.99688643]]
[[0.99688643]]
[[0.99688643]]
[[0.99688643]]
[[0.99688643]]
[[0.99688643]]
[[0.99688643]]
[[0.99688643]]
[[0.99688643]]
[[0.99688643]]
[[0.99688643]]
[[0.99688643]]
[[0.99688643]]
[[0.99688643]]
[[0.99688643]]
[[0.99688643]]
[[0.99688643]]
[[0.99688643]]
[[0.99688643]]
[[0.99688643]]
[[0.99688643]]
[[0.99688643]]
[[0.99688643]]
[[0.99688643]]
[[0.99688643]]
[[0.99688643]]
[[0.99688643]]
[[0.99688643]]
[[0.99688643]]
[[0.99688643]]
[[0.99688643]]
[[0.99688643]]
[[0.99688643]]
[[0.99688643]]
[[0.99688643]]
[[0.99688643]]
[[0.99688643]]
[[0.99688643]]
[[0.99688643]]
[[0.99688643]]
[[0.99688643]]
[[0.99688643]]
[[0.99688643]]
[[0.99688643]]
[[0.99688643]]
[[0.99688643]]
[[0.99688643]]
[[0.99688643]]
[[0.99688643]]
[[0.99688643]]
[[0.99688643]]
[[0.99688643]]
[[0.99688643]]
[[0.99688643]]
[[0.99688643]]
[[0.99688643]]
[[0.99688643]]
[[0.99688643]]
[[0.99688643]]
[[0.99688643]]
[[0.99688643]]
[[0.99688643]]
[[0.99688643]]
[[0.99688643]]
[[0.99688643]]
[[0.99688643]]
[[0.99688643]]
[[0.99688643]]
[[0.99688643]]
[[0.99688643]]
[[0.99688643]]
[[0.99688643]]
[[0.99688643]]
[[0.99688643]]
[[0.99688643]]
[[0.99688643]]
[[0.99688643]]
[[0.99688643]]
[[0.99688643]]
[[0.99688643]]
[[0.99688643]]
[[0.99688643]]
[[0.99688643]]
[[0.99688643]]
[[0.00252502]]
[[0.00252502]]
[[0.00252502]]
[[0.00252502]]
[[0.00252502]]
[[0.00252502]]
[[0.00252502]]
[[0.00252502]]
[[0.00252502]]
[[0.00252502]]
[[0.00252502]]
[[0.00252502]]
[[0.00252502]]
[[0.00252502]]
[[0.00252502]]
[[0.00252502]]
[[0.00252502]]
[[0.00252502]]
[[0.00252502]]
[[0.00252502]]
[[0.00252502]]
[[0.00252502]]
[[0.99688643]]
[[0.99688643]]
[[0.99688643]]
[[0.99688643]]
[[0.99688643]]
[[0.99688643]]
[[0.99688643]]
[[0.99688643]]
[[0.99688643]]
[[0.99688643]]
[[0.99688643]]
[[0.99688643]]
[[0.99688643]]
[[0.99688643]]
[[0.99688643]]
[[0.99688643]]
[[0.99688643]]
[[0.99688643]]
[[0.99688643]]
[[0.99688643]]
[[0.99688643]]
[[0.99688643]]
[[0.99688643]]
[[0.99688643]]
[[0.99688643]]
[[0.99688643]]
[[0.99688643]]
[[0.99688643]]
[[0.99688643]]
[[0.99688643]]
[[0.99688643]]
[[0.99688643]]
[[0.99688643]]
[[0.99688643]]
[[0.99688643]]
[[0.99688643]]
[[0.99688643]]
[[0.99688643]]
[[0.99688643]]
[[0.99688643]]
[[0.99688643]]
[[0.99688643]]
[[0.99688643]]
[[0.99688643]]
[[0.99688643]]
[[0.99688643]]
[[0.99688643]]
[[0.99688643]]
[[0.99688643]]
[[0.99688643]]
[[0.9968864]]
[[0.9968864]]
[[0.9968864]]
[[0.9968864]]
[[0.9968864]]
[[0.9968864]]
[[0.39409444]]
[[0.99688643]]
[[0.99688643]]
[[0.99688643]]
[[0.99688643]]
[[0.99688643]]
[[0.99688643]]
[[0.99688643]]
[[0.99688643]]
[[0.99688643]]
[[0.99688643]]
[[0.99688643]]
[[0.99688643]]
[[0.99688643]]
[[0.99688643]]
[[0.99688643]]
[[0.99688643]]
[[0.99688643]]
[[0.99688643]]
[[0.99688643]]
[[0.99688643]]
[[0.99688643]]
[[0.99688643]]
[[0.99688643]]
[[0.99688643]]
[[0.99688643]]
[[0.99688643]]
[[0.99688643]]
[[0.99688643]]
[[0.99688643]]
[[0.99688643]]
[[0.99688643]]
[[0.99688643]]
[[0.00252502]]
[[0.00252502]]
[[0.00252502]]
[[0.99688643]]
[[0.99688643]]
[[0.99688643]]
[[0.99688643]]
[[0.00252502]]
[[0.00252502]]
[[0.00252502]]
[[0.00252502]]
[[0.00252502]]
[[0.00252502]]
[[0.00252502]]
[[0.00252502]]
[[0.00252502]]
[[0.00252502]]
[[0.00252502]]
[[0.00252502]]
[[0.00252502]]
[[0.00252502]]
[[0.00252502]]
[[0.00252502]]
[[0.00252502]]
[[0.00252501]]
[[0.00252502]]
[[0.00252502]]
[[0.00252504]]
[[0.00252504]]
[[0.00252508]]
[[0.00252513]]
[[0.00252509]]
[[0.00252509]]
[[0.00252509]]
[[0.00252506]]
[[0.00252507]]
[[0.00252503]]
[[0.99688643]]
[[0.99688643]]
[[0.99688643]]
[[0.99688643]]
[[0.99688643]]
[[0.99688643]]
[[0.99688643]]
[[0.99688643]]
[[0.99688643]]
[[0.99688643]]
[[0.99688643]]
[[0.99688643]]
[[0.99688643]]
[[0.99688643]]
[[0.99688643]]
[[0.99688643]]
[[0.99688643]]
[[0.99688643]]
[[0.99688643]]
[[0.99688643]]
[[0.99688643]]
[[0.99688643]]
[[0.99688643]]
[[0.99688643]]
[[0.99688643]]
[[0.99688643]]
[[0.99688643]]
[[0.99688643]]
[[0.99688643]]
[[0.99688643]]
[[0.99688643]]
[[0.99688643]]
[[0.99688643]]
[[0.99688643]]
[[0.99688643]]
[[0.99688643]]
[[0.99688643]]
[[0.99688643]]
[[0.99688643]]
[[0.99688643]]
[[0.99688643]]
[[0.99688643]]
[[0.99688643]]
[[0.99688643]]
[[0.99688643]]
[[0.99688643]]
[[0.99688643]]
[[0.99688643]]
[[0.99688643]]
[[0.99688643]]
[[0.99688643]]
[[0.99688643]]
[[0.99688643]]
[[0.99688643]]
[[0.99688643]]
[[0.99688643]]
[[0.99688643]]
[[0.99688643]]
[[0.99688643]]
[[0.99688643]]
[[0.41063985]]
[[0.41060206]]
[[0.4105892]]
[[0.410584]]
[[0.4105823]]
[[0.4105822]]
[[0.41058287]]
[[0.41058376]]
[[0.41058433]]
[[0.41058457]]
[[0.4105846]]
[[0.41058457]]
[[0.41058442]]
[[0.41058436]]
[[0.41058424]]
[[0.4105841]]
[[0.41058385]]
[[0.41058332]]
[[0.4105825]]
[[0.41058078]]
[[0.4105774]]
[[0.41056716]]
[[0.41047904]]
[[0.00252517]]
[[0.00252502]]
[[0.00252502]]
[[0.00252502]]
[[0.00252502]]
[[0.00252502]]
[[0.00252502]]
[[0.00252502]]
[[0.00252502]]
[[0.00252502]]
[[0.00252502]]
[[0.00252502]]
[[0.00252502]]
[[0.00252502]]
[[0.00252502]]
[[0.00252502]]
[[0.00252502]]
[[0.00252502]]
[[0.00252502]]
[[0.00252502]]
[[0.00252502]]
[[0.00252502]]
[[0.00252502]]
[[0.00252502]]
[[0.00252502]]
[[0.00252502]]
[[0.00252502]]
[[0.00252502]]
[[0.00252502]]
[[0.00252502]]
[[0.00252502]]
[[0.00252502]]
[[0.00252502]]
[[0.00252502]]
[[0.00252502]]
[[0.00252502]]
[[0.00252502]]
[[0.00252502]]
[[0.00252502]]
[[0.00252502]]
[[0.00252502]]
[[0.00252502]]
[[0.00252502]]
[[0.00252502]]
[[0.00252502]]
[[0.00252502]]
[[0.00252502]]
[[0.00252502]]
[[0.00252502]]
[[0.00252502]]
[[0.00252502]]
[[0.00252502]]
[[0.00252502]]
[[0.00252502]]
[[0.00252502]]
[[0.00252502]]
[[0.00252502]]
[[0.00252502]]
[[0.00252502]]
[[0.00252502]]
[[0.00252502]]
[[0.00252502]]
[[0.00252502]]
[[0.00252502]]
[[0.00252502]]
[[0.00252502]]
[[0.00252502]]
[[0.00252502]]
[[0.00252502]]
[[0.00252502]]
[[0.00252502]]
[[0.00252502]]
[[0.00252502]]
[[0.00252502]]
[[0.00252502]]
[[0.00252502]]
[[0.00252502]]
[[0.00252502]]
[[0.00252502]]
[[0.00252502]]
[[0.00252502]]
[[0.00252502]]
[[0.00252502]]
[[0.00252502]]
[[0.00252502]]
[[0.00252502]]
[[0.00252502]]
[[0.00252502]]
[[0.00252502]]
[[0.00252502]]
[[0.00252502]]
[[0.00252502]]
[[0.00252502]]
[[0.00252502]]
[[0.00252502]]
[[0.00252502]]
[[0.00252502]]
[[0.00252502]]
[[0.00252502]]
[[0.00252502]]
[[0.00252502]]
[[0.00252502]]
[[0.00252502]]
[[0.00252502]]
[[0.00252502]]
[[0.00252502]]
[[0.00252502]]
[[0.00252502]]
[[0.00252502]]
[[0.00252502]]
[[0.00252502]]
[[0.00252502]]
[[0.00252502]]
[[0.00252502]]
[[0.00252502]]
[[0.00252502]]
[[0.00252502]]
[[0.00252502]]
[[0.00252502]]
[[0.00252502]]
[[0.00252502]]
[[0.00252502]]
[[0.00252502]]
[[0.00252502]]
[[0.00252502]]
[[0.00252502]]
[[0.00252502]]
[[0.00252502]]
[[0.00252502]]
[[0.00252502]]
[[0.00252502]]
[[0.00252502]]
[[0.00252502]]
[[0.00252502]]
[[0.00252502]]
[[0.00252502]]
[[0.00252502]]
[[0.00252502]]
[[0.00252502]]
[[0.00252502]]
[[0.00252502]]
[[0.00252502]]
[[0.00252502]]
[[0.00252502]]
[[0.00252502]]
[[0.00252502]]
[[0.00252502]]
[[0.00252502]]
[[0.00252502]]
[[0.00252502]]
[[0.00252502]]
[[0.00252502]]
[[0.00252502]]
[[0.00252502]]
[[0.00252502]]
[[0.00252502]]
[[0.00252502]]
[[0.00252502]]
[[0.00252502]]
[[0.00252502]]
[[0.00252502]]
[[0.00252502]]
[[0.00252502]]
[[0.00252502]]
[[0.00252502]]
[[0.00252502]]
[[0.00252502]]
[[0.00252502]]
[[0.00252502]]
[[0.00252502]]
[[0.00252502]]
[[0.00252502]]
[[0.00252502]]
[[0.00252502]]
[[0.00252502]]
[[0.00252502]]
[[0.00252502]]
[[0.00252502]]
[[0.00252502]]
[[0.00252502]]
[[0.00252502]]
[[0.00252502]]
[[0.00252502]]
[[0.00252502]]
[[0.00252502]]
[[0.00252502]]
[[0.00252502]]
[[0.00252502]]
[[0.00252502]]
[[0.00252502]]
[[0.00252502]]
[[0.00252502]]
[[0.00252502]]
[[0.00252502]]
[[0.00252502]]
[[0.00252502]]
[[0.00252502]]
[[0.00252502]]
[[0.00252502]]
[[0.00252502]]
[[0.00252502]]
[[0.00252502]]
[[0.00252502]]
[[0.00252502]]
[[0.00252502]]
[[0.00252502]]
[[0.00252502]]
[[0.00252502]]
[[0.00252502]]
[[0.00252502]]
[[0.00252502]]
[[0.00252502]]
[[0.00252502]]
[[0.00252502]]
[[0.00252502]]
[[0.00252502]]
[[0.00252502]]
[[0.00252502]]
[[0.00252502]]
[[0.00252502]]
[[0.00252502]]
[[0.00252502]]
[[0.00252502]]
[[0.00252502]]
[[0.00252502]]
[[0.00252502]]
[[0.00252502]]
[[0.00252502]]
[[0.00252502]]
[[0.00252502]]
[[0.00252502]]
[[0.00252502]]
[[0.00252502]]
[[0.00252502]]
[[0.00252502]]
[[0.00252502]]
[[0.00252502]]
[[0.00252502]]
[[0.00252502]]
[[0.00252502]]
[[0.00252502]]
[[0.00252502]]
[[0.00252502]]
[[0.00252502]]
[[0.00252502]]
[[0.00252502]]
[[0.00252502]]
[[0.00252502]]
[[0.00252502]]
[[0.00252502]]
[[0.00252502]]
[[0.00252502]]
[[0.00252502]]
[[0.00252502]]
[[0.9970607]]
[[0.9970617]]
[[0.99706197]]
[[0.9970621]]
[[0.9970621]]
[[0.9970621]]
[[0.9970621]]
[[0.9970621]]
[[0.9970621]]
[[0.9970621]]
[[0.9970621]]
[[0.9970621]]
[[0.9970621]]
[[0.9970621]]
[[0.9970621]]
[[0.9970621]]
[[0.9970621]]
[[0.9970621]]
[[0.9970621]]
[[0.9970621]]
[[0.9970621]]
[[0.9970621]]
[[0.9970621]]
[[0.9970621]]
[[0.9970621]]
[[0.9970621]]
[[0.9970621]]
[[0.9970621]]
[[0.24334921]]
[[0.24333212]]
[[0.24332668]]
[[0.243324]]
[[0.24332266]]
[[0.24332182]]
[[0.24332145]]
[[0.24332123]]
[[0.24332109]]
[[0.243321]]
[[0.243321]]
[[0.24332096]]
[[0.24332093]]
[[0.24332093]]
[[0.24332091]]
[[0.24332087]]
[[0.24332076]]
[[0.24332058]]
[[0.24332024]]
[[0.24331951]]
[[0.24331799]]
[[0.24331415]]
[[0.24329376]]
[[0.00245071]]
[[0.00245057]]
[[0.00245057]]
[[0.00245057]]
[[0.00245057]]
[[0.00245057]]
[[0.00245057]]
[[0.00245057]]
[[0.00245057]]
[[0.00245057]]
[[0.00245057]]
