1
1
1
1.5499307307872472
0.8899099722104881
0.9518352006937632
0.9232079254105834
0.9642214093550926
0.9476353338984721
1.4595040293076467
1.4776835318278916
1.4445113809146506
1.4806349803943284
1.471545229134206
0.9837419253519502
0.9111667255840243
0.8984329886283362
0.9150190640849567
0.9642214093550925
1.4549591536775854
1.5333446553306267
1.4685937805677691
1.441559932348214
1.545385855157186
0.8778687723839288
0.8909366644318382
0.8658275725573694
0.8778687723839289
0.8899099722104881
1.5017659314810101
1.4881313045908264
1.4474628294810874
1.4318689310474082
1.5138071313075694
0.9593315248902612
0.8743505889752177
0.9307042496070814
0.9521802095285332
0.8984329886283362
1.4233804298279689
1.4565525807412099
1.4851798560243896
1.4685937805677691
1.5258483311341287
1.0123692006351301
0.9397940008672039
0.927060263911516
0.9029778642583972
0.9472903250637019
1.5138071313075694
1.5138071313075694
1.4249738568915935
1.4851798560243898
1.5138071313075696
0.9551316580949701
1.0003280008085709
1.0364516002882487
0.9596595256988316
0.9270602639115157
1.4835864289607652
1.42792530545803
1.4926761802208877
1.461097456371271
1.5183520069376306
0.9104741884548955
0.9642214093550927
1.0003450088347705
0.9638764005203226
0.8795880017344075
1.4158841056314708
1.4881313045908264
1.4806349803943284
1.4474628294810874
1.537889530960688
0.940139009701974
0.9029778642583972
1.0003280008085709
0.8778687723839287
0.8899099722104882
1.5138071313075694
1.5183520069376306
1.5092622556775084
1.5092622556775082
1.5258483311341287
0.9036704013875263
0.8984329886283362
0.8778687723839288
0.9397940008672039
0.988303809008211
1.471545229134206
1.5408409795271247
1.4543579036369023
1.438373078220965
1.4565525807412099
0.9638764005203226
0.9029778642583974
0.8778687723839289
1.0123692006351301
0.9355941340719128
1.4514064550704655
1.4897247316544509
1.419827731220849
1.4835864289607652
1.42792530545803
0.8984329886283362
0.9717177335515906
0.8623093891486582
0.8612826969273083
0.8612826969273083
1.4302755039837838
1.5092622556775082
1.4324701810880915
1.3992980301748503
1.4731386561978306
0.9596765337250314
1.0123692006351301
0.9762626091816519
0.9472903250637019
1.0003280008085709
1.4520077051111486
1.4429179538510262
1.3716629319146119
1.4881313045908264
1.4595040293076467
0.8899099722104882
1.0123692006351301
0.9391014637380752
0.8818469131717157
0.9019511720370474
1.537889530960688
1.4249738568915935
1.4851798560243896
1.4129326570650342
1.471545229134206
0.9518352006937632
1.0244104004616894
0.9671558498953297
1.0032794493750077
1.0003450088347705
1.4520077051111486
1.4731386561978304
1.4881313045908264
1.5333446553306267
1.461097456371271
0.9111667255840241
0.9912382495484484
0.8984329886283362
0.9472903250637019
1.007824325005069
1.497221055850949
1.537889530960688
1.4760901047642672
1.4549591536775854
1.4354216296545281
0.9638764005203224
1.0364516002882487
0.8991255257574651
0.8733238967538676
0.8733238967538675
1.4776835318278918
1.5167585798740062
1.5092622556775082
1.4851798560243896
1.5017659314810101
0.9111667255840243
0.8899099722104881
1.048492800114808
0.9642214093550926
0.9225153882814547
1.4520077051111486
1.4520077051111486
1.5213034555040674
1.4851798560243896
1.4685937805677691
0.9150190640849567
1.0123692006351301
0.9671728579215295
0.8778687723839288
0.8945806501274038
1.4439101308739675
1.4806349803943284
1.4731386561978304
1.4806349803943284
1.5138071313075694
0.8502681893220991
0.8612826969273083
1.0364516002882487
0.943090458268411
0.9551316580949701
1.5017659314810101
1.4776835318278916
1.4731386561978304
1.5017659314810101
1.461097456371271
0.9472903250637019
0.8733238967538676
0.9099183073551698
0.988303809008211
0.9029778642583972
1.4776835318278916
1.419827731220849
1.4972210558509491
1.4656423320013325
1.5001725044173857
1.0032794493750077
0.885365096580427
0.885365096580427
0.9352491252371427
0.9472903250637021
1.464048904937708
1.497221055850949
1.5017659314810103
1.5258483311341287
1.4595040293076467
0.8899099722104881
0.98375893337815
0.927060263911516
0.9472903250637019
0.9352491252371429
1.4354216296545281
1.4514064550704655
1.4549591536775854
1.5619719306138065
1.504717380047447
0.9225153882814547
0.9882868009820115
0.9759176003468817
0.8899099722104881
0.9019511720370473
1.5303932067641899
1.4514064550704655
1.4559513307005267
1.4926761802208877
1.4685937805677691
1.048492800114808
0.9883038090082111
0.9472903250637021
0.9310492584418516
0.9352491252371427
1.4565525807412099
1.4881313045908264
1.5619719306138065
1.5001725044173857
1.4956276287873245
0.9029778642583974
0.898432988628336
0.9596765337250314
0.927060263911516
0.9280978098754149
1.4760901047642672
1.4881313045908264
1.4656423320013325
1.5092622556775082
1.4851798560243898
0.927060263911516
0.914463182985231
0.9957831251785095
0.9837589333781499
0.9518352006937634
1.5258483311341287
1.5574270549837452
1.4083877814349728
1.420428981261532
1.394151904504106
0.9762456011554522
0.9476353338984721
0.9355941340719127
0.9019511720370474
0.8537863727308102
1.446861579440404
1.3730209534174243
1.4760901047642672
1.4851798560243896
1.4806349803943284
1.007824325005069
0.8612826969273082
0.9391014637380752
1.0244104004616894
0.8899099722104882
1.5167585798740062
1.4685937805677691
1.4760901047642672
1.4731386561978304
1.4881313045908264
0.9642214093550926
0.9671728579215293
1.01236920063513
0.8778687723839288
0.9837589333781499
1.5017659314810101
1.4263318783944057
1.4129326570650342
1.497221055850949
1.45655258074121
0.9019511720370473
0.8612826969273083
1.01236920063513
0.9883038090082111
0.9837589333781499
1.4536011321747733
1.4731386561978304
1.4776835318278916
1.4806349803943286
1.464048904937708
0.9232079254105834
0.9671728579215294
1.0123692006351301
0.9596765337250313
0.9304480084011685
1.4897247316544509
1.4520077051111488
1.4549591536775854
1.4897247316544509
1.45655258074121
0.8899099722104882
0.8698057133451564
0.9310492584418516
1.0244104004616892
1.0123692006351301
1.5092622556775082
1.5213034555040674
1.497221055850949
1.4520077051111486
1.4926761802208877
0.885365096580427
0.8984329886283362
0.9642214093550926
0.9391014637380752
1.0123692006351301
1.4097458029377852
1.497221055850949
1.4776835318278916
1.4776835318278916
1.4926761802208879
0.9596765337250313
0.8909366644318382
0.8372002972741898
0.8778687723839288
1.0123692006351301
1.4083877814349728
1.4685937805677691
1.461097456371271
1.504717380047447
1.4490562565447118
0.8537863727308103
0.8899099722104881
0.9883038090082111
0.9104741884548955
0.8492414971007489
1.4685937805677691
1.4233804298279689
1.4806349803943284
1.5092622556775082
1.4731386561978304
0.8658275725573696
0.9029778642583972
0.8899099722104881
0.8567378212972471
0.9391014637380752
1.5017659314810101
1.3912004559376692
1.4685937805677691
1.4423167038103428
1.4760901047642672
0.9150190640849567
0.9596765337250314
0.9882868009820114
0.9139923718636067
0.9638764005203224
1.512213704243945
1.4851798560243896
1.5287997797005657
1.512213704243945
1.5138071313075694
0.8783395835055532
0.9593315248902614
1.0003280008085709
0.8492414971007489
1.0244104004616892
1.4656423320013325
1.4324701810880913
1.4595040293076467
1.39929803017485
1.5092622556775082
0.9642214093550927
0.8778687723839289
0.9150190640849567
0.885365096580427
0.9019511720370474
1.4972210558509491
1.537889530960688
1.4926761802208877
1.4910827531572632
1.464048904937708
0.8372002972741898
1.0123862086613298
0.9518352006937632
0.8984329886283362
0.9019511720370474
1.464048904937708
1.4445113809146506
1.4776835318278916
1.537889530960688
1.4835864289607652
0.9186630497805222
1.0123692006351301
1.0244104004616894
0.9150190640849567
0.9518352006937632
1.4926761802208877
1.4640489049377081
1.4565525807412099
1.4685937805677691
1.5092622556775082
0.9391014637380752
0.988303809008211
0.8778687723839288
0.8863917888017769
0.9759176003468817
1.4926761802208877
1.4851798560243896
1.4077865313942894
1.419827731220849
1.4233804298279689
0.8863917888017769
0.9642214093550925
0.927060263911516
0.9593315248902614
0.979197049721889
1.464048904937708
1.4731386561978304
1.504717380047447
1.4685937805677691
1.4897247316544509
0.8991255257574648
0.8899099722104882
1.0032794493750077
0.927060263911516
0.9029778642583974
1.4685937805677691
1.4589027792669635
1.464048904937708
1.497221055850949
1.4685937805677691
0.9352491252371427
0.9019511720370473
0.8778687723839287
0.9759176003468819
0.8899099722104882
1.464048904937708
1.387256830348291
1.5860543302669252
1.4000382813356347
1.4966198058102655
0.8743505889752174
1.0003450088347705
0.8863917888017767
0.979197049721889
0.9476183258722723
1.4926761802208877
1.4806349803943284
1.4926761802208877
1.4881313045908264
1.4731386561978304
0.9518352006937632
0.9883038090082111
0.9791970497218889
0.9957831251785095
1.0123862086613298
1.4370150567181526
1.5242549040705045
1.4731386561978304
1.4851798560243896
1.4685937805677691
0.9150190640849567
1.0003280008085706
0.8909366644318382
1.0244104004616892
0.9642214093550925
1.5138071313075694
1.5183520069376306
1.578558006070427
1.4468615794404043
1.5167585798740062
0.9596765337250313
0.8658275725573695
0.9957831251785095
0.8991255257574648
1.007824325005069
1.494269607284512
1.4851798560243896
1.4152828555907877
1.5138071313075694
1.4008914572384747
0.9307042496070816
0.9518352006937629
0.9717177335515906
0.9472903250637019
0.947635333898472
1.420428981261532
1.4399665052845894
1.4399665052845894
1.4399665052845894
1.4399665052845894
