1 1.0 1.0
1 1.0 1.0
1.4324701810880913 1.2162350905440458 1.1694774761614541
0.8266967659015061 1.0863889823298658 1.0102572078924887
1.4474628294810874 1.1766574441176711 1.082890834918724
1.4731386561978304 1.235953686533703 1.1384377152407164
0.9019511720370474 1.1802866007842605 1.07319975440814
1.4926761802208877 1.2249136835609213 1.1126401710620812
1.5303932067641899 1.26309862396133 1.1469977020259061
0.9397940008672039 1.2271758880619827 1.10562210209991
1.504717380047447 1.2549300372605292 1.1330528865713538
1.5213034555040674 1.2791458025553963 1.1576865148594897
0.9837589333781501 1.2545302301239591 1.1309730338791437
1.4656423320013323 1.2707696225760647 1.1508744609841204
1.5213034555040674 1.2707696225760647 1.1508744609841204
0.7814834151617058 1.2358206077607534 1.0950004884855502
1.4881313045908264 1.2526413208827583 1.1138151385689918
1.4760901047642672 1.2666068698753525 1.130971920743756
0.9511426635646345 1.248050151857075 1.110022663662146
1.4370150567181526 1.2585482021271348 1.1246499723666337
1.4926761802208877 1.2585482021271348 1.1246499723666337
0.7860282907917671 1.2336787331094838 1.0857339977040357
1.4731386561978304 1.2336787331094838 1.0857339977040357
1.464048904937708 1.2451972417008952 1.0998601380155675
0.8778687723839289 1.2277054098286588 1.0776333422332387
1.4468615794404043 1.23766705390192 1.0904380485139942
1.5258483311341287 1.2501966746511464 1.1027616403042773
0.9104741884548955 1.2360415710596357 1.085916819759211
1.497221055850949 1.2464887504512883 1.0973396540851983
1.4249738568915933 1.2533535622374539 1.1076753137672002
0.8297039730776918 1.2376628367130182 1.0850518985995423
1.4520077051111486 1.2453180105843802 1.0951059895589876
1.5092622556775084 1.2544195362772466 1.1049082875885006
0.9717177335515907 1.244996142853058 1.0954898631879144
1.464048904937708 1.244996142853058 1.0954898631879144
1.4760901047642674 1.2524507867856778 1.104540545526124
0.8909366644318383 1.24115347046212 1.0901996860402992
1.4851798560243896 1.2485482094185525 1.098775173847369
1.4549591536775854 1.254619119543818 1.1068902244731567
0.9029778642583974 1.2445722265356631 1.0943963451333285
1.497221055850949 1.2445722265356631 1.0943963451333285
1.4806349803943284 1.2511295252539594 1.102198932005068
0.7382021546790921 1.2372666233465306 1.078898189705106
1.4685937805677691 1.2433541801155108 1.0864831853798134
1.4926761802208877 1.2433541801155108 1.0864831853798134
0.8492414971007491 1.2332487267048757 1.0728379342758252
1.4445113809146508 1.2385302930601203 1.0800083600141093
1.4445113809146508 1.2385302930601203 1.0800083600141093
0.9476353338984722 1.2314352940561777 1.0728508512119954
1.497221055850949 1.2314352940561777 1.0728508512119954
1.4806349803943284 1.2314352940561777 1.0728508512119954