1 1.0 1.0
1 1.0 1.0
0.36444604199927644 0.6822230209996383 0.5812408126170419
1.5258483311341287 0.963431457711135 0.6852348257821403
1.4097458029377852 1.0750100440177977 0.8103385559211816
0.4857910535901442 0.9571662459322671 0.6565512266727449
1.5258483311341287 0.9571662459322671 0.6565512266727449
1.4061931043306652 1.0320040556653334 0.7348190582353762
0.5264595286998832 0.9597834089559834 0.6514049582445336
1.4370150567181526 1.0194373649262545 0.7060134383831735
1.487530054550143 1.0714476637733532 0.7543764944207192
0.36444604199927644 1.0714476637733532 0.7543764944207192
1.4806349803943284 1.1123663954354508 0.7998779928845574
1.5333446553306267 1.1506371463350122 0.8399267735720858
0.6181223732908261 1.1062609152479965 0.7817298675246352
1.504717380047447 1.136911412540262 0.8165317946827136
1.4604962063305877 1.160024612096714 0.8496316556659268
0.4052808114470896 1.1097083587200722 0.7538458434704003
1.4926761802208879 1.133643847563873 0.7839097125306633
1.5001725044173857 1.1552043567905503 0.8120424623031659
0.49833447090724314 1.1187115853525886 0.7518511556558884
1.4393652552439062 1.135588094294237 0.7783223647379272
1.4565525807412099 1.1516363186165857 0.8029364828472861
0.4338572112022309 1.117456361120664 0.7408557748861688
1.4067943543713484 1.1306080880866043 0.7641912690732855
1.4835864289607652 1.1459549724724374 0.7855567107718342
0.45793961085534945 1.117287665738392 0.7356776768188098
1.504717380047447 1.117287665738392 0.7356776768188098
1.4324701810880913 1.12989496635238 0.7562252361437921
0.48629327108068376 1.1051410549957763 0.7163838082831633
1.5092622556775082 1.1201085068728776 0.7345318515045318
1.4233804298279689 1.1309396469784165 0.7530248999108218
0.4458984110287902 1.1073175353939466 0.7122636238751675
1.504717380047447 1.1073175353939466 0.7122636238751675
1.4835864289607652 1.1073175353939466 0.7122636238751675
0.4862932710806839 1.0866167265835045 0.6807053953668949
1.4685937805677691 1.09893856703461 0.6973053447674235
1.5167585798740062 1.1119954424358411 0.7126736835252051
0.45793961085534945 1.1119954424358411 0.7126736835252051
1.5138071313075694 1.124171554219833 0.727749492068156
1.5017659314810101 1.135277271198103 0.7426138615734776
0.4052808114470896 1.135277271198103 0.7426138615734776
1.4851798560243898 1.1452744879074253 0.7572279951706619
1.4776835318278918 1.1545080724607717 0.7714382946590768
0.4862932710806839 1.1545080724607717 0.7714382946590768
1.471545229134206 1.1630766442627565 0.7852167054366428
1.4399665052845894 1.1703632195528046 0.7986213879759374
0.36444604199927644 1.1703632195528046 0.7986213879759374
1.4760901047642672 1.1782023704556626 0.8114417600858168
1.497221055850949 1.1861778375905447 0.8237488482986557
0.5264595286998833 1.1700871471297967 0.7962902545910873
1.461097456371271 1.1770159640164986 0.8082760310954482
1.4685937805677691 1.1770159640164986 0.8082760310954482
0.5264595286998833 1.1770159640164986 0.8082760310954482
1.4685937805677691 1.1770159640164986 0.8082760310954482
1.4776835318278916 1.184008233035368 0.8198322436184873
0.6060811734642666 1.1708735271360249 0.8004747009892512
1.464048904937708 1.1773885355316178 0.811568609193082
1.4445113809146506 1.1831955539095098 0.8223592798199255
0.6060811734642668 1.1709165245383344 0.804181491436913
