[[0.9948974]]
[[0.9948974]]
[[0.9948974]]
[[0.9948974]]
[[0.9948974]]
[[0.9948974]]
[[0.9948974]]
[[0.9948974]]
[[0.9948974]]
[[0.9948974]]
[[0.9948974]]
[[0.9948974]]
[[0.9948974]]
[[0.9948974]]
[[0.9948974]]
[[0.9948974]]
[[0.9948974]]
[[0.9948974]]
[[0.9948974]]
[[0.9948974]]
[[0.9948974]]
[[0.9948974]]
[[0.9948974]]
[[0.9948974]]
[[0.9948974]]
[[0.9948974]]
[[0.9948974]]
[[0.9948974]]
[[0.9948974]]
[[0.9948974]]
[[0.9948974]]
[[0.9948974]]
[[0.9948974]]
[[0.9948974]]
[[0.9948974]]
[[0.9948974]]
[[0.9948974]]
[[0.9948974]]
[[0.9948974]]
[[0.9948974]]
[[0.9948974]]
[[0.9948974]]
[[0.9948974]]
[[0.9948974]]
[[0.9948974]]
[[0.9948974]]
[[0.9948974]]
[[0.9948974]]
[[0.9948974]]
[[0.9948974]]
[[0.9948974]]
[[0.9948974]]
[[0.9948974]]
[[0.9948974]]
[[0.9948974]]
[[0.9948974]]
[[0.9948974]]
[[0.9948974]]
[[0.9948974]]
[[0.9948974]]
[[0.9948974]]
[[0.9948974]]
[[0.9948974]]
[[0.9948974]]
[[0.9948974]]
[[0.9948974]]
[[0.9948974]]
[[0.9948974]]
[[0.3134069]]
[[0.31324208]]
[[0.31326026]]
[[0.3132789]]
[[0.31329182]]
[[0.3133002]]
[[0.3133056]]
[[0.3133089]]
[[0.31331095]]
[[0.31331208]]
[[0.31331265]]
[[0.31331286]]
[[0.31331274]]
[[0.31331262]]
[[0.31331235]]
[[0.31331205]]
[[0.31331173]]
[[0.31331143]]
[[0.3133111]]
[[0.3133108]]
[[0.31331053]]
[[0.31331024]]
[[0.31331006]]
[[0.31330985]]
[[0.31330967]]
[[0.31330958]]
[[0.31330943]]
[[0.31330928]]
[[0.31330922]]
[[0.31330907]]
[[0.313309]]
[[0.31330892]]
[[0.3133088]]
[[0.31330878]]
[[0.31330872]]
[[0.3133087]]
[[0.31330863]]
[[0.31330863]]
[[0.3133086]]
[[0.3133086]]
[[0.31330857]]
[[0.3133085]]
[[0.3133085]]
[[0.31330848]]
[[0.31330848]]
[[0.31330848]]
[[0.31330845]]
[[0.31330848]]
[[0.3133084]]
[[0.31330845]]
[[0.31330842]]
[[0.31330836]]
[[0.3133084]]
[[0.3133084]]
[[0.31330836]]
[[0.31330836]]
[[0.31330836]]
[[0.31330836]]
[[0.3133084]]
[[0.3133084]]
[[0.3133084]]
[[0.3133084]]
[[0.31330836]]
[[0.31330836]]
[[0.31330836]]
[[0.31330836]]
[[0.31330836]]
[[0.31330836]]
[[0.31330836]]
[[0.3133084]]
[[0.31330836]]
[[0.3133084]]
[[0.31330836]]
[[0.31330836]]
[[0.31330836]]
[[0.31330836]]
[[0.31330836]]
[[0.3133084]]
[[0.31330836]]
[[0.31330836]]
[[0.31330836]]
[[0.31330836]]
[[0.31330836]]
[[0.31330836]]
[[0.31330836]]
[[0.31330836]]
[[0.31330836]]
[[0.31330836]]
[[0.31330836]]
[[0.31330836]]
[[0.31330836]]
[[0.3133084]]
[[0.31330836]]
[[0.3133084]]
[[0.31330836]]
[[0.31330836]]
[[0.31330836]]
[[0.31330836]]
[[0.31330836]]
[[0.31330836]]
[[0.31330836]]
[[0.3133084]]
[[0.31330836]]
[[0.3133084]]
[[0.3133084]]
[[0.31330836]]
[[0.31330836]]
[[0.31330836]]
[[0.3133084]]
[[0.3133084]]
[[0.31330833]]
[[0.31330836]]
[[0.3133084]]
[[0.31330833]]
[[0.3133084]]
[[0.31330836]]
[[0.31330836]]
[[0.31330836]]
[[0.3133084]]
[[0.31330836]]
[[0.31330836]]
[[0.31330836]]
[[0.3133084]]
[[0.31330836]]
[[0.31330836]]
[[0.31330836]]
[[0.31330836]]
[[0.31330836]]
[[0.31330836]]
[[0.31330836]]
[[0.31330836]]
[[0.31330836]]
[[0.31330836]]
[[0.3133084]]
[[0.9948974]]
[[0.9948974]]
[[0.9948974]]
[[0.9948974]]
[[0.9948974]]
[[0.9948974]]
[[0.9948974]]
[[0.9948974]]
[[0.9948974]]
[[0.9948974]]
[[0.9948974]]
[[0.9948974]]
[[0.9948974]]
[[0.9948974]]
[[0.9948974]]
[[0.9948974]]
[[0.9948974]]
[[0.9948974]]
[[0.9948974]]
[[0.9948974]]
[[0.9948974]]
[[0.9948974]]
[[0.9948974]]
[[0.9948974]]
[[0.9948974]]
[[0.9948974]]
[[0.9948974]]
[[0.9948974]]
[[0.9948974]]
[[0.9948974]]
[[0.9948974]]
[[0.9948974]]
[[0.9948974]]
[[0.9948974]]
[[0.9948974]]
[[0.9948974]]
[[0.9948974]]
[[0.9948974]]
[[0.9948974]]
[[0.9948974]]
[[0.9948974]]
[[0.9948974]]
[[0.9948974]]
[[0.9948974]]
[[0.9948974]]
[[0.9948974]]
[[0.9948974]]
[[0.9948974]]
[[0.9948974]]
[[0.9948974]]
[[0.9948974]]
[[0.9948974]]
[[0.9948974]]
[[0.9948974]]
[[0.9948974]]
[[0.9948974]]
[[0.9948974]]
[[0.9948974]]
[[0.9948974]]
[[0.9948974]]
[[0.9948974]]
[[0.9948974]]
[[0.9948974]]
[[0.9948974]]
[[0.9948974]]
[[0.9948974]]
[[0.9948974]]
[[0.9948974]]
[[0.9948974]]
[[0.9948974]]
[[0.9948974]]
[[0.9948974]]
[[0.9948974]]
[[0.9948974]]
[[0.9948974]]
[[0.9948974]]
[[0.9948974]]
[[0.9948974]]
[[0.9948974]]
[[0.9948974]]
[[0.9948974]]
[[0.9948974]]
[[0.9948974]]
[[0.9948974]]
[[0.9948974]]
[[0.9948974]]
[[0.9948974]]
[[0.9948974]]
[[0.9948974]]
[[0.9948974]]
[[0.4051498]]
[[0.3910113]]
[[0.9948974]]
[[0.9948974]]
[[0.9948974]]
[[0.9948974]]
[[0.9948974]]
[[0.9948974]]
[[0.99489635]]
[[0.9948955]]
[[0.99489415]]
[[0.994896]]
[[0.99489504]]
[[0.99489355]]
[[0.9948908]]
[[0.9948945]]
[[0.9948931]]
[[0.9948908]]
[[0.99489236]]
[[0.99489236]]
[[0.9948899]]
[[0.9948906]]
[[0.9948906]]
[[0.99489003]]
[[0.9948905]]
[[0.9948906]]
[[0.99489003]]
[[0.99489045]]
[[0.99489045]]
[[0.99489]]
[[0.99489033]]
[[0.99489033]]
[[0.9948898]]
[[0.99489015]]
[[0.99489015]]
[[0.9948896]]
[[0.99488986]]
[[0.99488986]]
[[0.9948894]]
[[0.9948877]]
[[0.99489033]]
[[0.9948903]]
[[0.9948895]]
[[0.9948905]]
[[0.9948905]]
[[0.9948899]]
[[0.9948906]]
[[0.9948906]]
[[0.99489003]]
[[0.9948905]]
[[0.9948906]]
[[0.99489003]]
[[0.99489045]]
[[0.99489045]]
[[0.99489]]
[[0.99489033]]
[[0.99489033]]
[[0.9948898]]
[[0.99489015]]
[[0.99489015]]
[[0.9948896]]
[[0.9948855]]
[[0.99489033]]
[[0.9948903]]
[[0.9948895]]
[[0.9948905]]
[[0.9948905]]
[[0.9948899]]
[[0.9948906]]
[[0.9948906]]
[[0.99489003]]
[[0.99488604]]
[[0.99489105]]
[[0.9948909]]
[[0.9948878]]
[[0.9948911]]
[[0.9948911]]
[[0.9948881]]
[[0.99489105]]
[[0.99489105]]
[[0.99488807]]
[[0.99488634]]
[[0.99489135]]
[[0.99488866]]
[[0.9948878]]
[[0.9948974]]
[[0.9948974]]
[[0.9948974]]
[[0.99489635]]
[[0.9948959]]
[[0.99489623]]
[[0.9948967]]
[[0.9948962]]
[[0.31323624]]
[[0.9948958]]
[[0.99489576]]
[[0.99489504]]
[[0.9948962]]
[[0.9948955]]
[[0.99489564]]
[[0.9948955]]
[[0.99489653]]
[[0.99489635]]
[[0.9948962]]
[[0.9948959]]
[[0.9948956]]
[[0.3133412]]
[[0.99489623]]
[[0.9948957]]
[[0.9948949]]
[[0.99489504]]
[[0.9948958]]
[[0.9948959]]
[[0.99489516]]
[[0.99489415]]
[[0.99489594]]
[[0.9948951]]
[[0.99489385]]
[[0.99489164]]
[[0.99489564]]
[[0.9948946]]
[[0.9948929]]
[[0.9948949]]
[[0.9948937]]
[[0.99489325]]
[[0.99489504]]
[[0.99489385]]
[[0.994892]]
[[0.9948888]]
[[0.99489385]]
[[0.9948922]]
[[0.99488956]]
[[0.99489063]]
[[0.99489063]]
[[0.99489003]]
[[0.9948883]]
[[0.9948916]]
[[0.994889]]
[[0.9948882]]
[[0.99489146]]
[[0.9948902]]
[[0.9948911]]
[[0.9948919]]
[[0.9948927]]
[[0.3130452]]
[[0.9948946]]
[[0.99489576]]
[[0.99489504]]
[[0.99489534]]
[[0.994894]]
[[0.9948953]]
[[0.99489534]]
[[0.9948964]]
[[0.9948963]]
[[0.9948961]]
[[0.3132815]]
[[0.9948974]]
[[0.9948974]]
[[0.9948974]]
[[0.9948974]]
[[0.9948974]]
[[0.9948974]]
[[0.9948974]]
[[0.31340384]]
[[0.9948958]]
[[0.99489576]]
[[0.99489504]]
[[0.99489534]]
[[0.994894]]
[[0.31316334]]
[[0.9948957]]
[[0.9948956]]
[[0.99489605]]
[[0.9948961]]
[[0.99489546]]
[[0.9948945]]
[[0.99489504]]
[[0.9948962]]
[[0.9948956]]
[[0.9948946]]
[[0.9948931]]
[[0.9948958]]
[[0.99489486]]
[[0.9948933]]
[[0.994895]]
[[0.99489385]]
[[0.99489343]]
[[0.99489516]]
[[0.994894]]
[[0.99489444]]
[[0.9948947]]
[[0.99489325]]
[[0.9948941]]
[[0.99489266]]
[[0.9948924]]
[[0.99489266]]
[[0.9948905]]
[[0.9948927]]
[[0.99489075]]
[[0.9948904]]
[[0.994889]]
[[0.99489146]]
[[0.99488896]]
[[0.9948882]]
[[0.99489146]]
[[0.9948915]]
[[0.9948888]]
[[0.9948917]]
[[0.99489295]]
[[0.9948918]]
[[0.9948927]]
[[0.99489355]]
[[0.99489236]]
[[0.9948932]]
[[0.99489176]]
[[0.99489254]]
[[0.9948934]]
[[0.99489206]]
[[0.99489284]]
[[0.99489135]]
[[0.9948964]]
[[0.99489594]]
[[0.99489516]]
[[0.9948941]]
[[0.99489594]]
[[0.99489605]]
[[0.9948954]]
[[0.9948944]]
[[0.9948949]]
[[0.9948961]]
[[0.99489546]]
[[0.9948955]]
[[0.9948947]]
[[0.99489486]]
[[0.9948955]]
[[0.99489456]]
[[0.99489313]]
[[0.9948955]]
[[0.99489444]]
[[0.9948949]]
[[0.9948946]]
[[0.31313995]]
[[0.40660432]]
[[0.3934113]]
[[0.9948962]]
[[0.99489564]]
[[0.99489546]]
[[0.994896]]
[[0.99489516]]
[[0.9948956]]
[[0.99489474]]
[[0.9948962]]
[[0.99489546]]
[[0.9948958]]
[[0.99489576]]
[[0.9948956]]
[[0.99489635]]
[[0.9948959]]
[[0.9948951]]
[[0.994894]]
[[0.9948959]]
[[0.99489504]]
[[0.99489367]]
[[0.994895]]
[[0.99489623]]
[[0.99489623]]
[[0.31325543]]
